(5, 1001): []
(4, 1024): [(3, 2415), (3, 2485), (6, 2415), (8, 2465)]
(3, 1035): [(5, 3577), (7, 3553)]
(6, 1035): [(3, 3570), (5, 3577), (7, 3553)]
(8, 1045): [(3, 4560), (5, 4510), (6, 4560), (7, 4558)]
(7, 1071): [(3, 7140), (5, 7107), (6, 7140), (8, 7105)]
(5, 1080): [(3, 8001), (7, 8037), (8, 8008)]
(3, 1081): [(4, 8100), (5, 8177), (6, 8128)]
(4, 1089): [(3, 8911), (6, 8911), (7, 8910), (8, 8965)]
(3, 1128): [(4, 2809), (5, 2882), (6, 2850), (7, 2839), (8, 2821)]
(6, 1128): [(3, 2850), (4, 2809), (5, 2882), (7, 2839), (8, 2821)]
(4, 1156): [(3, 5671), (7, 5688)]
(8, 1160): [(4, 6084)]
(5, 1162): [(3, 6216), (4, 6241), (6, 6216), (8, 6256)]
(3, 1176): [(6, 7626)]
(7, 1177): [(3, 7750), (4, 7744), (5, 7740), (8, 7701)]
(3, 1225): [(4, 2500), (5, 2501), (6, 2556), (7, 2512)]
(4, 1225): [(3, 2556), (5, 2501), (6, 2556), (7, 2512)]
(6, 1225): [(3, 2556), (4, 2500), (5, 2501), (7, 2512)]
(5, 1247): [(3, 4753), (4, 4761), (6, 4753), (7, 4774), (8, 4720)]
(3, 1275): [(4, 7569), (5, 7526)]
(8, 1281): [(3, 8128), (4, 8100), (5, 8177), (6, 8128)]
(7, 1288): [(4, 8836), (5, 8855)]
(4, 1296): [(8, 9633)]
(3, 1326): [(4, 2601), (5, 2625), (7, 2673), (8, 2640)]
(6, 1326): [(3, 2628), (4, 2601), (5, 2625), (7, 2673), (8, 2640)]
(5, 1335): [(3, 3570), (7, 3553)]
(4, 1369): [(3, 6903), (5, 6902), (6, 6903), (7, 6943)]
(3, 1378): [(6, 7875)]
(7, 1404): []
(8, 1408): []
(5, 1426): [(3, 2628), (4, 2601), (7, 2673), (8, 2640)]
(3, 1431): [(4, 3136), (5, 3151), (6, 3160), (7, 3186)]
(6, 1431): [(3, 3160), (4, 3136), (5, 3151), (7, 3186)]
(4, 1444): [(3, 4465), (8, 4485)]
(3, 1485): []
(5, 1520): [(3, 2016), (3, 2080), (4, 2025), (6, 2016), (7, 2059)]
(4, 1521): [(3, 2145), (5, 2147), (6, 2145), (8, 2133)]
(7, 1525): [(3, 2556), (4, 2500), (5, 2501), (6, 2556)]
(3, 1540): [(4, 4096), (5, 4030), (6, 4005), (8, 4033)]
(6, 1540): [(3, 4005), (3, 4095), (4, 4096), (5, 4030), (8, 4033)]
(8, 1541): [(3, 4186), (5, 4187), (6, 4186), (7, 4141)]
(3, 1596): [(4, 9604), (8, 9633)]
(4, 1600): []
(5, 1617): [(3, 1711), (3, 1770), (4, 1764), (6, 1770), (7, 1782)]
(7, 1651): [(3, 5151), (4, 5184), (5, 5192), (6, 5151)]
(3, 1653): [(4, 5329), (5, 5370), (6, 5356)]
(6, 1653): [(3, 5356), (4, 5329), (5, 5370)]
(8, 1680): [(3, 8001), (7, 8037)]
(4, 1681): [(3, 8128), (5, 8177), (6, 8128)]
(3, 1711): [(4, 1156), (5, 1162), (6, 1128), (7, 1177), (8, 1160)]
(5, 1717): [(3, 1711), (3, 1770), (4, 1764), (6, 1770), (7, 1782)]
(4, 1764): [(3, 6441), (6, 6441), (7, 6426)]
(3, 1770): [(4, 7056)]
(6, 1770): [(3, 7021), (4, 7056)]
(7, 1782): [(3, 8256), (4, 8281)]
(5, 1820): [(3, 2016), (3, 2080), (4, 2025), (6, 2016), (7, 2059)]
(8, 1825): [(3, 2556), (4, 2500), (5, 2501), (6, 2556), (7, 2512)]
(3, 1830): [(4, 3025), (5, 3015), (6, 3003), (7, 3010), (8, 3008)]
(4, 1849): [(3, 4950), (6, 4950), (7, 4995), (8, 4961)]
(3, 1891): [(6, 9180)]
(6, 1891): [(3, 9180)]
(7, 1918): [(3, 1830), (3, 1891), (4, 1849), (5, 1820), (6, 1891), (8, 1825)]
(5, 1926): [(3, 2628), (4, 2601), (7, 2673), (8, 2640)]
(4, 1936): [(3, 3655), (6, 3655), (8, 3605)]
(3, 1953): [(4, 5329), (5, 5370), (6, 5356)]
(8, 1976): [(3, 7626), (6, 7626)]
(3, 2016): [(4, 1600), (4, 1681), (5, 1617), (6, 1653), (7, 1651), (8, 1680)]
(6, 2016): [(3, 1653), (4, 1600), (4, 1681), (5, 1617), (7, 1651), (8, 1680)]
(4, 2025): [(3, 2556), (5, 2501), (6, 2556), (7, 2512)]
(5, 2035): [(3, 3570), (7, 3553)]
(7, 2059): [(3, 5995), (4, 5929), (5, 5922), (6, 5995), (8, 5985)]
(3, 2080): [(7, 8037), (8, 8008)]
(4, 2116): [(3, 1653), (5, 1617), (6, 1653), (7, 1651), (8, 1680)]
(8, 2133): [(3, 3321), (4, 3364), (6, 3321), (7, 3367)]
(3, 2145): [(5, 4510), (6, 4560), (7, 4558)]
(6, 2145): [(3, 4560), (5, 4510), (7, 4558)]
(5, 2147): [(3, 4753), (4, 4761), (6, 4753), (7, 4774), (8, 4720)]
(7, 2205): []
(4, 2209): []
(3, 2211): [(4, 1156), (5, 1162), (6, 1128), (7, 1177), (8, 1160)]
(5, 2262): [(3, 6216), (4, 6241), (6, 6216), (8, 6256)]
(3, 2278): [(6, 7875)]
(6, 2278): [(3, 7875)]
(8, 2296): [(4, 9604)]
(4, 2304): []
(3, 2346): [(4, 4624), (5, 4676)]
(7, 2356): [(3, 5671), (4, 5625)]
(5, 2380): [(3, 8001), (7, 8037), (8, 8008)]
(4, 2401): []
(3, 2415): [(4, 1521), (5, 1520), (6, 1540), (7, 1525), (8, 1541)]
(6, 2415): [(3, 1540), (3, 1596), (4, 1521), (5, 1520), (7, 1525), (8, 1541)]
(8, 2465): [(3, 6555), (4, 6561), (5, 6501)]
(3, 2485): []
(4, 2500): []
(5, 2501): []
(7, 2512): [(3, 1225), (3, 1275), (4, 1225), (4, 1296), (5, 1247), (6, 1225), (8, 1281)]
(3, 2556): [(4, 5625), (7, 5688)]
(6, 2556): [(3, 5671), (4, 5625), (7, 5688)]
(4, 2601): []
(5, 2625): [(3, 2556), (4, 2500), (6, 2556), (7, 2512)]
(3, 2628): [(4, 2809), (5, 2882), (6, 2850), (7, 2839), (8, 2821)]
(8, 2640): [(3, 4005), (3, 4095), (4, 4096), (5, 4030), (6, 4005)]
(7, 2673): [(3, 7381), (4, 7396), (5, 7315), (6, 7381)]
(3, 2701): []
(6, 2701): []
(4, 2704): []
(5, 2752): [(3, 5253), (7, 5221), (8, 5208)]
(3, 2775): [(4, 7569), (5, 7526)]
(4, 2809): []
(8, 2821): [(3, 2145), (4, 2116), (5, 2147), (6, 2145)]
(7, 2839): [(3, 3916), (4, 3969)]
(3, 2850): [(4, 5041), (5, 5017)]
(6, 2850): [(3, 5050), (4, 5041), (5, 5017)]
(5, 2882): [(3, 8256), (4, 8281)]
(4, 2916): [(3, 1653), (5, 1617), (6, 1653), (7, 1651), (8, 1680)]
(3, 2926): [(4, 2601), (5, 2625), (7, 2673), (8, 2640)]
(3, 3003): []
(6, 3003): []
(8, 3008): []
(7, 3010): [(3, 1035), (3, 1081), (4, 1024), (4, 1089), (5, 1001), (5, 1080), (6, 1035), (8, 1045)]
(5, 3015): [(3, 1540), (3, 1596), (4, 1521), (6, 1540), (7, 1525), (8, 1541)]
(4, 3025): [(3, 2556), (5, 2501), (6, 2556), (7, 2512)]
(3, 3081): [(4, 8100), (5, 8177), (6, 8128)]
(4, 3136): [(3, 3655), (6, 3655), (8, 3605)]
(5, 3151): [(3, 5151), (4, 5184), (6, 5151)]
(3, 3160): [(4, 6084)]
(6, 3160): [(4, 6084)]
(7, 3186): [(3, 8646), (4, 8649), (5, 8626), (6, 8646), (8, 8640)]
(8, 3201): []
(3, 3240): [(4, 4096), (5, 4030), (6, 4005), (8, 4033)]
(4, 3249): [(3, 4950), (6, 4950), (7, 4995), (8, 4961)]
(5, 3290): [(3, 9045), (4, 9025)]
(3, 3321): [(4, 2116), (5, 2147), (6, 2145), (8, 2133)]
(6, 3321): [(3, 2145), (4, 2116), (5, 2147), (8, 2133)]
(4, 3364): [(3, 6441), (6, 6441), (7, 6426)]
(7, 3367): [(3, 6786), (4, 6724), (5, 6700)]
(8, 3400): []
(3, 3403): []
(5, 3432): [(3, 3240), (4, 3249), (8, 3201)]
(4, 3481): [(3, 8128), (5, 8177), (6, 8128)]
(3, 3486): [(4, 8649), (5, 8626), (6, 8646), (7, 8614), (8, 8640)]
(6, 3486): [(3, 8646), (4, 8649), (5, 8626), (7, 8614), (8, 8640)]
(7, 3553): [(3, 5356), (4, 5329), (5, 5370), (6, 5356)]
(3, 3570): [(4, 7056)]
(5, 3577): [(3, 7750), (4, 7744), (7, 7756), (8, 7701)]
(4, 3600): []
(8, 3605): []
(3, 3655): [(5, 5551), (6, 5565)]
(6, 3655): [(3, 5565), (5, 5551)]
(4, 3721): [(3, 2145), (5, 2147), (6, 2145), (8, 2133)]
(5, 3725): [(3, 2556), (4, 2500), (6, 2556), (7, 2512)]
(3, 3741): [(5, 4187), (6, 4186), (7, 4141)]
(7, 3744): [(3, 4465), (4, 4489), (8, 4485)]
(8, 3816): [(3, 1653), (4, 1600), (4, 1681), (5, 1617), (6, 1653), (7, 1651)]
(3, 3828): [(4, 2809), (5, 2882), (6, 2850), (7, 2839), (8, 2821)]
(6, 3828): [(3, 2850), (4, 2809), (5, 2882), (7, 2839), (8, 2821)]
(4, 3844): [(3, 4465), (8, 4485)]
(5, 3876): [(3, 7626), (6, 7626)]
(3, 3916): [(4, 1600), (4, 1681), (5, 1617), (6, 1653), (7, 1651), (8, 1680)]
(7, 3940): [(3, 4005), (3, 4095), (4, 4096), (5, 4030), (6, 4005), (8, 4033)]
(4, 3969): [(3, 6903), (5, 6902), (6, 6903), (7, 6943)]
(3, 4005): []
(6, 4005): []
(5, 4030): [(3, 3003), (3, 3081), (4, 3025), (6, 3003), (7, 3010), (8, 3008)]
(8, 4033): [(3, 3321), (4, 3364), (6, 3321), (7, 3367)]
(3, 4095): [(5, 9560), (7, 9517)]
(4, 4096): [(8, 9633)]
(7, 4141): [(3, 4186), (5, 4187), (6, 4186)]
(3, 4186): [(4, 8649), (5, 8626), (6, 8646), (7, 8614), (8, 8640)]
(6, 4186): [(3, 8646), (4, 8649), (5, 8626), (7, 8614), (8, 8640)]
(5, 4187): [(3, 8778)]
(4, 4225): [(3, 2556), (5, 2501), (6, 2556), (7, 2512)]
(8, 4256): [(3, 5671), (4, 5625), (7, 5688)]
(3, 4278): [(6, 7875)]
(5, 4347): [(3, 4753), (4, 4761), (6, 4753), (7, 4774), (8, 4720)]
(7, 4347): [(3, 4753), (4, 4761), (6, 4753), (8, 4720)]
(4, 4356): [(3, 5671), (7, 5688)]
(3, 4371): [(5, 7107), (6, 7140), (8, 7105)]
(6, 4371): [(3, 7140), (5, 7107), (8, 7105)]
(3, 4465): [(4, 6561), (5, 6501), (8, 6533)]
(8, 4485): [(3, 8515)]
(4, 4489): [(3, 8911), (6, 8911), (7, 8910), (8, 8965)]
(5, 4510): [(3, 1035), (3, 1081), (4, 1024), (4, 1089), (6, 1035), (7, 1071), (8, 1045)]
(7, 4558): [(3, 5886)]
(3, 4560): [(4, 6084)]
(6, 4560): [(4, 6084)]
(4, 4624): [(3, 2415), (3, 2485), (6, 2415), (8, 2465)]
(3, 4656): [(4, 5625), (7, 5688)]
(5, 4676): [(3, 7626), (6, 7626)]
(8, 4720): [(3, 2016), (3, 2080), (4, 2025), (5, 2035), (6, 2016), (7, 2059)]
(3, 4753): [(4, 5329), (5, 5370), (6, 5356)]
(6, 4753): [(3, 5356), (4, 5329), (5, 5370)]
(4, 4761): [(3, 6105), (5, 6112), (7, 6175)]
(7, 4774): [(8, 7400)]
(5, 4845): [(3, 4560), (6, 4560), (7, 4558)]
(3, 4851): [(4, 5184), (5, 5192), (6, 5151)]
(4, 4900): []
(3, 4950): [(4, 5041), (5, 5017)]
(6, 4950): [(3, 5050), (4, 5041), (5, 5017)]
(8, 4961): [(3, 6105), (5, 6112), (7, 6175)]
(7, 4995): [(3, 9591), (5, 9560)]
(5, 5017): [(3, 1711), (3, 1770), (4, 1764), (6, 1770), (7, 1782)]
(4, 5041): [(3, 4186), (5, 4187), (6, 4186), (7, 4141)]
(3, 5050): [(4, 5041), (5, 5017)]
(3, 5151): [(4, 5184), (5, 5192), (6, 5151)]
(6, 5151): [(3, 5151), (4, 5184), (5, 5192)]
(4, 5184): [(5, 8400)]
(5, 5192): [(4, 9216), (7, 9211), (8, 9296)]
(8, 5208): []
(7, 5221): [(3, 2145), (4, 2116), (5, 2147), (6, 2145), (8, 2133)]
(3, 5253): [(4, 5329), (5, 5370), (6, 5356)]
(4, 5329): [(3, 2926)]
(3, 5356): [(4, 5625), (7, 5688)]
(6, 5356): [(3, 5671), (4, 5625), (7, 5688)]
(5, 5370): [(3, 7021), (4, 7056)]
(7, 5452): [(3, 5253), (8, 5208)]
(3, 5460): [(4, 6084)]
(8, 5461): [(3, 6105), (5, 6112), (7, 6175)]
(4, 5476): [(3, 7626), (6, 7626)]
(5, 5551): [(3, 5151), (4, 5184), (6, 5151)]
(3, 5565): [(4, 6561), (5, 6501), (8, 6533)]
(6, 5565): [(3, 6555), (4, 6561), (5, 6501), (8, 6533)]
(4, 5625): [(3, 2556), (5, 2501), (6, 2556), (7, 2512)]
(3, 5671): [(5, 7107), (6, 7140), (8, 7105)]
(7, 5688): [(4, 8836), (5, 8855)]
(8, 5720): [(3, 2016), (3, 2080), (4, 2025), (5, 2035), (6, 2016), (7, 2059)]
(5, 5735): [(3, 3570), (7, 3553)]
(4, 5776): [(3, 7626), (6, 7626)]
(3, 5778): [(6, 7875)]
(6, 5778): [(3, 7875)]
(3, 5886): [(4, 8649), (5, 8626), (6, 8646), (7, 8614), (8, 8640)]
(5, 5922): [(3, 2211), (3, 2278), (4, 2209), (6, 2278), (7, 2205), (8, 2296)]
(4, 5929): [(3, 2926)]
(7, 5929): [(3, 2926), (4, 2916)]
(8, 5985): [(3, 8515)]
(3, 5995): [(5, 9560), (7, 9517)]
(6, 5995): [(3, 9591), (5, 9560), (7, 9517)]
(4, 6084): [(5, 8400)]
(3, 6105): []
(5, 6112): [(3, 1225), (3, 1275), (4, 1225), (4, 1296), (6, 1225), (7, 1288), (8, 1281)]
(7, 6175): [(3, 7503), (4, 7569), (5, 7526)]
(3, 6216): [(4, 1600), (4, 1681), (5, 1617), (6, 1653), (7, 1651), (8, 1680)]
(6, 6216): [(3, 1653), (4, 1600), (4, 1681), (5, 1617), (7, 1651), (8, 1680)]
(4, 6241): [(3, 4186), (5, 4187), (6, 4186), (7, 4141)]
(8, 6256): [(3, 5671), (4, 5625), (7, 5688)]
(5, 6305): []
(3, 6328): [(4, 2809), (5, 2882), (6, 2850), (7, 2839), (8, 2821)]
(4, 6400): []
(7, 6426): [(3, 2628), (4, 2601), (5, 2625), (8, 2640)]
(3, 6441): [(5, 4187), (6, 4186), (7, 4141)]
(6, 6441): [(3, 4186), (5, 4187), (7, 4141)]
(5, 6501): []
(8, 6533): [(3, 3321), (4, 3364), (6, 3321), (7, 3367)]
(3, 6555): [(5, 5551), (6, 5565)]
(4, 6561): [(3, 6105), (5, 6112), (7, 6175)]
(3, 6670): [(4, 7056)]
(6, 6670): [(3, 7021), (4, 7056)]
(7, 6682): [(3, 8256), (4, 8281)]
(5, 6700): []
(4, 6724): [(3, 2415), (3, 2485), (6, 2415), (8, 2465)]
(3, 6786): [(4, 8649), (5, 8626), (6, 8646), (7, 8614), (8, 8640)]
(8, 6816): [(3, 1653), (4, 1600), (4, 1681), (5, 1617), (6, 1653), (7, 1651)]
(4, 6889): [(3, 8911), (6, 8911), (7, 8910), (8, 8965)]
(5, 6902): []
(3, 6903): []
(6, 6903): []
(7, 6943): [(3, 4371), (4, 4356), (5, 4347), (6, 4371)]
(3, 7021): [(4, 2116), (5, 2147), (6, 2145), (8, 2133)]
(4, 7056): [(3, 5671), (7, 5688)]
(8, 7105): []
(5, 7107): []
(3, 7140): [(4, 4096), (5, 4030), (6, 4005), (8, 4033)]
(6, 7140): [(3, 4005), (3, 4095), (4, 4096), (5, 4030), (8, 4033)]
(7, 7209): []
(4, 7225): [(3, 2556), (5, 2501), (6, 2556), (7, 2512)]
(3, 7260): [(4, 6084)]
(5, 7315): [(3, 1540), (3, 1596), (4, 1521), (6, 1540), (7, 1525), (8, 1541)]
(3, 7381): [(4, 8100), (5, 8177), (6, 8128)]
(6, 7381): [(3, 8128), (4, 8100), (5, 8177)]
(4, 7396): [(8, 9633)]
(8, 7400): []
(7, 7480): [(3, 8001), (8, 8008)]
(3, 7503): []
(5, 7526): [(3, 2628), (4, 2601), (7, 2673), (8, 2640)]
(4, 7569): [(3, 6903), (5, 6902), (6, 6903), (7, 6943)]
(3, 7626): [(4, 2601), (5, 2625), (7, 2673), (8, 2640)]
(6, 7626): [(3, 2628), (4, 2601), (5, 2625), (7, 2673), (8, 2640)]
(8, 7701): []
(5, 7740): [(3, 4005), (3, 4095), (4, 4096), (6, 4005), (8, 4033)]
(4, 7744): [(3, 4465), (8, 4485)]
(3, 7750): [(4, 5041), (5, 5017)]
(7, 7756): [(3, 5671), (4, 5625)]
(3, 7875): [(4, 7569), (5, 7526)]
(6, 7875): [(3, 7503), (4, 7569), (5, 7526)]
(4, 7921): [(3, 2145), (5, 2147), (6, 2145), (8, 2133)]
(5, 7957): [(3, 5778), (4, 5776), (6, 5778), (8, 5720)]
(3, 8001): []
(8, 8008): []
(7, 8037): [(3, 3741), (4, 3721), (5, 3725)]
(4, 8100): []
(3, 8128): [(4, 2809), (5, 2882), (6, 2850), (7, 2839), (8, 2821)]
(6, 8128): [(3, 2850), (4, 2809), (5, 2882), (7, 2839), (8, 2821)]
(5, 8177): [(3, 7750), (4, 7744), (7, 7756), (8, 7701)]
(3, 8256): [(4, 5625), (7, 5688)]
(4, 8281): [(3, 8128), (5, 8177), (6, 8128)]
(8, 8321): [(3, 2145), (4, 2116), (5, 2147), (6, 2145)]
(7, 8323): [(3, 2346), (4, 2304), (5, 2380)]
(3, 8385): []
(6, 8385): [(3, 8515)]
(5, 8400): []
(4, 8464): [(3, 6441), (6, 6441), (7, 6426)]
(3, 8515): [(4, 1521), (5, 1520), (6, 1540), (7, 1525), (8, 1541)]
(7, 8614): [(3, 1431), (3, 1485), (4, 1444), (5, 1426), (6, 1431), (8, 1408)]
(5, 8626): [(3, 2628), (4, 2601), (7, 2673), (8, 2640)]
(8, 8640): [(3, 4005), (3, 4095), (4, 4096), (5, 4030), (6, 4005)]
(3, 8646): [(4, 4624), (5, 4676)]
(6, 8646): [(3, 4656), (4, 4624), (5, 4676)]
(4, 8649): [(3, 4950), (6, 4950), (7, 4995), (8, 4961)]
(3, 8778): [(6, 7875)]
(4, 8836): [(3, 3655), (6, 3655), (8, 3605)]
(5, 8855): [(3, 5565), (6, 5565)]
(7, 8910): [(3, 1035), (3, 1081), (4, 1024), (4, 1089), (5, 1001), (5, 1080), (6, 1035), (8, 1045)]
(3, 8911): [(4, 1156), (5, 1162), (6, 1128), (7, 1177), (8, 1160)]
(6, 8911): [(3, 1128), (3, 1176), (4, 1156), (5, 1162), (7, 1177), (8, 1160)]
(8, 8965): [(3, 6555), (4, 6561), (5, 6501)]
(4, 9025): [(3, 2556), (5, 2501), (6, 2556), (7, 2512)]
(3, 9045): [(5, 4510), (6, 4560), (7, 4558)]
(5, 9087): [(3, 8778)]
(3, 9180): [(7, 8037), (8, 8008)]
(6, 9180): [(3, 8001), (7, 8037), (8, 8008)]
(7, 9211): [(3, 1128), (3, 1176), (4, 1156), (5, 1162), (6, 1128), (8, 1160)]
(4, 9216): [(3, 1653), (5, 1617), (6, 1653), (7, 1651), (8, 1680)]
(8, 9296): [(4, 9604)]
(3, 9316): [(4, 1600), (4, 1681), (5, 1617), (6, 1653), (7, 1651), (8, 1680)]
(5, 9322): [(3, 2211), (3, 2278), (4, 2209), (6, 2278), (7, 2205), (8, 2296)]
(4, 9409): []
(3, 9453): [(4, 5329), (5, 5370), (6, 5356)]
(6, 9453): [(3, 5356), (4, 5329), (5, 5370)]
(7, 9517): [(3, 1711), (3, 1770), (4, 1764), (5, 1717), (6, 1770)]
(5, 9560): [(4, 6084)]
(3, 9591): [(6, 9180)]
(4, 9604): []
(8, 9633): [(3, 3321), (4, 3364), (6, 3321), (7, 3367)]
(3, 9730): [(4, 3025), (5, 3015), (6, 3003), (7, 3010), (8, 3008)]
(6, 9730): [(3, 3003), (3, 3081), (4, 3025), (5, 3015), (7, 3010), (8, 3008)]
(4, 9801): []
(5, 9801): []
(7, 9828): [(3, 2850), (4, 2809), (5, 2882), (6, 2850), (8, 2821)]
(3, 9870): [(4, 7056)]
(8, 9976): [(3, 7626), (6, 7626)]
